VARIABLES =TIME,   e11,    S11
  0.50000D-01  0.12500D-02  0.62500D+00
  0.10000D+00  0.25000D-02  0.12500D+01
  0.15000D+00  0.37500D-02  0.18750D+01
  0.20000D+00  0.50000D-02  0.25000D+01
  0.25000D+00  0.62500D-02  0.31250D+01
  0.30000D+00  0.75000D-02  0.37500D+01
  0.35000D+00  0.87500D-02  0.43750D+01
  0.40000D+00  0.10000D-01  0.50000D+01
  0.45000D+00  0.11250D-01  0.56250D+01
  0.50000D+00  0.12500D-01  0.62500D+01
  0.55000D+00  0.13750D-01  0.68750D+01
  0.60000D+00  0.15000D-01  0.75000D+01
  0.65000D+00  0.16250D-01  0.81250D+01
  0.70000D+00  0.17500D-01  0.87500D+01
  0.75000D+00  0.18750D-01  0.93750D+01
  0.80000D+00  0.20000D-01  0.10000D+02
  0.85000D+00  0.33750D-01  0.10625D+02
  0.90000D+00  0.47500D-01  0.11250D+02
  0.95000D+00  0.61250D-01  0.11875D+02
  0.10000D+01  0.75000D-01  0.12500D+02
  0.10500D+01  0.72750D-01  0.11375D+02
  0.11000D+01  0.70500D-01  0.10250D+02
  0.11500D+01  0.68250D-01  0.91250D+01
  0.12000D+01  0.66000D-01  0.80000D+01
  0.12500D+01  0.63750D-01  0.68750D+01
  0.13000D+01  0.61500D-01  0.57500D+01
  0.13500D+01  0.59250D-01  0.46250D+01
  0.14000D+01  0.57000D-01  0.35000D+01
  0.14500D+01  0.54750D-01  0.23750D+01
  0.15000D+01  0.52500D-01  0.12500D+01
  0.15500D+01  0.50250D-01  0.12500D+00
  0.16000D+01  0.48000D-01 -0.10000D+01
  0.16500D+01  0.45750D-01 -0.21250D+01
  0.17000D+01  0.43500D-01 -0.32500D+01
  0.17500D+01  0.41250D-01 -0.43750D+01
  0.18000D+01  0.39000D-01 -0.55000D+01
  0.18500D+01  0.36750D-01 -0.66250D+01
  0.19000D+01  0.29500D-01 -0.77500D+01
  0.19500D+01  0.47500D-02 -0.88750D+01
  0.20000D+01 -0.20000D-01 -0.10000D+02
  0.20500D+01 -0.17750D-01 -0.88750D+01
  0.21000D+01 -0.15500D-01 -0.77500D+01
  0.21500D+01 -0.13250D-01 -0.66250D+01
  0.22000D+01 -0.11000D-01 -0.55000D+01
  0.22500D+01 -0.87500D-02 -0.43750D+01
  0.23000D+01 -0.65000D-02 -0.32500D+01
  0.23500D+01 -0.42500D-02 -0.21250D+01
  0.24000D+01 -0.20000D-02 -0.10000D+01
  0.24500D+01  0.25000D-03  0.12500D+00
  0.25000D+01  0.25000D-02  0.12500D+01
  0.25500D+01  0.47500D-02  0.23750D+01
  0.26000D+01  0.70000D-02  0.35000D+01
  0.26500D+01  0.92500D-02  0.46250D+01
  0.27000D+01  0.11500D-01  0.57500D+01
  0.27500D+01  0.13750D-01  0.68750D+01
  0.28000D+01  0.16000D-01  0.80000D+01
  0.28500D+01  0.18250D-01  0.91250D+01
  0.29000D+01  0.25500D-01  0.10250D+02
  0.29500D+01  0.50250D-01  0.11375D+02
  0.30000D+01  0.75000D-01  0.12500D+02
  0.30500D+01  0.72750D-01  0.11375D+02
  0.31000D+01  0.70500D-01  0.10250D+02
  0.31500D+01  0.68250D-01  0.91250D+01
  0.32000D+01  0.66000D-01  0.80000D+01
  0.32500D+01  0.63750D-01  0.68750D+01
  0.33000D+01  0.61500D-01  0.57500D+01
  0.33500D+01  0.59250D-01  0.46250D+01
  0.34000D+01  0.57000D-01  0.35000D+01
  0.34500D+01  0.54750D-01  0.23750D+01
  0.35000D+01  0.52500D-01  0.12500D+01
  0.35500D+01  0.50250D-01  0.12500D+00
  0.36000D+01  0.48000D-01 -0.10000D+01
  0.36500D+01  0.45750D-01 -0.21250D+01
  0.37000D+01  0.43500D-01 -0.32500D+01
  0.37500D+01  0.41250D-01 -0.43750D+01
  0.38000D+01  0.39000D-01 -0.55000D+01
  0.38500D+01  0.36750D-01 -0.66250D+01
  0.39000D+01  0.29500D-01 -0.77500D+01
  0.39500D+01  0.47500D-02 -0.88750D+01
  0.40000D+01 -0.20000D-01 -0.10000D+02
  0.40500D+01 -0.17750D-01 -0.88750D+01
  0.41000D+01 -0.15500D-01 -0.77500D+01
  0.41500D+01 -0.13250D-01 -0.66250D+01
  0.42000D+01 -0.11000D-01 -0.55000D+01
  0.42500D+01 -0.87500D-02 -0.43750D+01
  0.43000D+01 -0.65000D-02 -0.32500D+01
  0.43500D+01 -0.42500D-02 -0.21250D+01
  0.44000D+01 -0.20000D-02 -0.10000D+01
  0.44500D+01  0.25000D-03  0.12500D+00
  0.45000D+01  0.25000D-02  0.12500D+01
  0.45500D+01  0.47500D-02  0.23750D+01
  0.46000D+01  0.70000D-02  0.35000D+01
  0.46500D+01  0.92500D-02  0.46250D+01
  0.47000D+01  0.11500D-01  0.57500D+01
  0.47500D+01  0.13750D-01  0.68750D+01
  0.48000D+01  0.16000D-01  0.80000D+01
  0.48500D+01  0.18250D-01  0.91250D+01
  0.49000D+01  0.25500D-01  0.10250D+02
  0.49500D+01  0.50250D-01  0.11375D+02
  0.50000D+01  0.75000D-01  0.12500D+02
  0.50500D+01  0.72750D-01  0.11375D+02
  0.51000D+01  0.70500D-01  0.10250D+02
  0.51500D+01  0.68250D-01  0.91250D+01
  0.52000D+01  0.66000D-01  0.80000D+01
  0.52500D+01  0.63750D-01  0.68750D+01
  0.53000D+01  0.61500D-01  0.57500D+01
  0.53500D+01  0.59250D-01  0.46250D+01
  0.54000D+01  0.57000D-01  0.35000D+01
  0.54500D+01  0.54750D-01  0.23750D+01
  0.55000D+01  0.52500D-01  0.12500D+01
  0.55500D+01  0.50250D-01  0.12500D+00
  0.56000D+01  0.48000D-01 -0.10000D+01
  0.56500D+01  0.45750D-01 -0.21250D+01
  0.57000D+01  0.43500D-01 -0.32500D+01
  0.57500D+01  0.41250D-01 -0.43750D+01
  0.58000D+01  0.39000D-01 -0.55000D+01
  0.58500D+01  0.36750D-01 -0.66250D+01
  0.59000D+01  0.29500D-01 -0.77500D+01
  0.59500D+01  0.47500D-02 -0.88750D+01
  0.60000D+01 -0.20000D-01 -0.10000D+02
  0.60500D+01 -0.17750D-01 -0.88750D+01
  0.61000D+01 -0.15500D-01 -0.77500D+01
  0.61500D+01 -0.13250D-01 -0.66250D+01
  0.62000D+01 -0.11000D-01 -0.55000D+01
  0.62500D+01 -0.87500D-02 -0.43750D+01
  0.63000D+01 -0.65000D-02 -0.32500D+01
  0.63500D+01 -0.42500D-02 -0.21250D+01
  0.64000D+01 -0.20000D-02 -0.10000D+01
  0.64500D+01  0.25000D-03  0.12500D+00
  0.65000D+01  0.25000D-02  0.12500D+01
  0.65500D+01  0.47500D-02  0.23750D+01
  0.66000D+01  0.70000D-02  0.35000D+01
  0.66500D+01  0.92500D-02  0.46250D+01
  0.67000D+01  0.11500D-01  0.57500D+01
  0.67500D+01  0.13750D-01  0.68750D+01
  0.68000D+01  0.16000D-01  0.80000D+01
  0.68500D+01  0.18250D-01  0.91250D+01
  0.69000D+01  0.25500D-01  0.10250D+02
  0.69500D+01  0.50250D-01  0.11375D+02
  0.70000D+01  0.75000D-01  0.12500D+02
  0.70500D+01  0.72750D-01  0.11375D+02
  0.71000D+01  0.70500D-01  0.10250D+02
  0.71500D+01  0.68250D-01  0.91250D+01
  0.72000D+01  0.66000D-01  0.80000D+01
  0.72500D+01  0.63750D-01  0.68750D+01
  0.73000D+01  0.61500D-01  0.57500D+01
  0.73500D+01  0.59250D-01  0.46250D+01
  0.74000D+01  0.57000D-01  0.35000D+01
  0.74500D+01  0.54750D-01  0.23750D+01
  0.75000D+01  0.52500D-01  0.12500D+01
  0.75500D+01  0.50250D-01  0.12500D+00
  0.76000D+01  0.48000D-01 -0.10000D+01
  0.76500D+01  0.45750D-01 -0.21250D+01
  0.77000D+01  0.43500D-01 -0.32500D+01
  0.77500D+01  0.41250D-01 -0.43750D+01
  0.78000D+01  0.39000D-01 -0.55000D+01
  0.78500D+01  0.36750D-01 -0.66250D+01
  0.79000D+01  0.29500D-01 -0.77500D+01
  0.79500D+01  0.47500D-02 -0.88750D+01
  0.80000D+01 -0.20000D-01 -0.10000D+02
  0.80500D+01 -0.17750D-01 -0.88750D+01
  0.81000D+01 -0.15500D-01 -0.77500D+01
  0.81500D+01 -0.13250D-01 -0.66250D+01
  0.82000D+01 -0.11000D-01 -0.55000D+01
  0.82500D+01 -0.87500D-02 -0.43750D+01
  0.83000D+01 -0.65000D-02 -0.32500D+01
  0.83500D+01 -0.42500D-02 -0.21250D+01
  0.84000D+01 -0.20000D-02 -0.10000D+01
  0.84500D+01  0.25000D-03  0.12500D+00
  0.85000D+01  0.25000D-02  0.12500D+01
  0.85500D+01  0.47500D-02  0.23750D+01
  0.86000D+01  0.70000D-02  0.35000D+01
  0.86500D+01  0.92500D-02  0.46250D+01
  0.87000D+01  0.11500D-01  0.57500D+01
  0.87500D+01  0.13750D-01  0.68750D+01
  0.88000D+01  0.16000D-01  0.80000D+01
  0.88500D+01  0.18250D-01  0.91250D+01
  0.89000D+01  0.25500D-01  0.10250D+02
  0.89500D+01  0.50250D-01  0.11375D+02
  0.90000D+01  0.75000D-01  0.12500D+02
  0.90500D+01  0.72750D-01  0.11375D+02
  0.91000D+01  0.70500D-01  0.10250D+02
  0.91500D+01  0.68250D-01  0.91250D+01
  0.92000D+01  0.66000D-01  0.80000D+01
  0.92500D+01  0.63750D-01  0.68750D+01
  0.93000D+01  0.61500D-01  0.57500D+01
  0.93500D+01  0.59250D-01  0.46250D+01
  0.94000D+01  0.57000D-01  0.35000D+01
  0.94500D+01  0.54750D-01  0.23750D+01
  0.95000D+01  0.52500D-01  0.12500D+01
  0.95500D+01  0.50250D-01  0.12500D+00
  0.96000D+01  0.48000D-01 -0.10000D+01
  0.96500D+01  0.45750D-01 -0.21250D+01
  0.97000D+01  0.43500D-01 -0.32500D+01
  0.97500D+01  0.41250D-01 -0.43750D+01
  0.98000D+01  0.39000D-01 -0.55000D+01
  0.98500D+01  0.36750D-01 -0.66250D+01
  0.99000D+01  0.29500D-01 -0.77500D+01
  0.99500D+01  0.47500D-02 -0.88750D+01
  0.10000D+02 -0.20000D-01 -0.10000D+02
